-3.140000 -0.001593 -0.998332
-3.040000 -0.101418 -0.993186
-2.940000 -0.200230 -0.978116
-2.840000 -0.297041 -0.953273
-2.740000 -0.390885 -0.918905
-2.640000 -0.480823 -0.875356
-2.540000 -0.565956 -0.823061
-2.440000 -0.645435 -0.762542
-2.340000 -0.718465 -0.694404
-2.240000 -0.784316 -0.619328
-2.140000 -0.842330 -0.538063
-2.040000 -0.891929 -0.451423
-1.940000 -0.932615 -0.360272
-1.840000 -0.963983 -0.265521
-1.740000 -0.985719 -0.168117
-1.640000 -0.997606 -0.069034
-1.540000 -0.999526 0.030740
-1.440000 -0.991458 0.130206
-1.340000 -0.973485 0.228372
-1.240000 -0.945784 0.324255
-1.140000 -0.908634 0.416899
-1.040000 -0.862404 0.505377
-0.940000 -0.807558 0.588806
-0.840000 -0.744643 0.666351
-0.740000 -0.674288 0.737239
-0.640000 -0.597196 0.800760
-0.540000 -0.514136 0.856280
-0.440000 -0.425940 0.903245
-0.340000 -0.333487 0.941184
-0.240000 -0.237703 0.969720
-0.140000 -0.139543 0.988566
-0.040000 -0.039989 0.997536
0.060000 0.059964 0.996538
0.160000 0.159318 0.985583
0.260000 0.257081 0.964780
0.360000 0.352274 0.934338
0.460000 0.443948 0.894560
0.560000 0.531186 0.845844
0.660000 0.613117 0.788676
0.760000 0.688921 0.723629
0.860000 0.757842 0.651351
0.960000 0.819191 0.572565
1.060000 0.872356 0.488058
1.160000 0.916803 0.398674
1.260000 0.952090 0.305308
1.360000 0.977865 0.208890
1.460000 0.993868 0.110386
1.560000 0.999942 0.010778
1.660000 0.996024 -0.088937
1.760000 0.982154 -0.187764
1.860000 0.958471 -0.284714
1.960000 0.925212 -0.378819
2.060000 0.882707 -0.469140
2.160000 0.831383 -0.554773
2.260000 0.771753 -0.634863
2.360000 0.704411 -0.708609
2.460000 0.630031 -0.775276
2.560000 0.549355 -0.834196
2.660000 0.463191 -0.884781
2.760000 0.372399 -0.926526
2.860000 0.277886 -0.959013
2.960000 0.180596 -0.981918
