   0:     -0.005877        2.234         0.76       -32.42
   4:      -0.00739        2.449         0.69       -24.96
   8:      -0.01286        2.624         0.65       -17.79
  12:      -0.00511        2.778         0.62       -11.11
  16:     -0.008527        2.925         0.61       -3.878
  20:     -0.008527        3.075         0.61        3.878
  24:      -0.00511        3.222         0.62        11.11
  28:      -0.01286        3.376         0.65        17.79
  32:      -0.00739        3.551         0.69        24.96
  36:     -0.005877        3.766         0.76        32.42
